5
3 12 3 12 1
1709
8 71 5.4 5.4
10 86 2.4 7.5
9 95 1.7 6
2 85 2.4 -1.8
9 97 1.9 5.8
21 90 1.7 20.1
-16 88 1.6 -23.1
-14 62 2.2 -17.8
9 93 0.7 6.5
11 93 0.5 8.9
12 95 1.1 9.7
9 91 0.9 6.5
12 83 4.1 9.6
3 19 1.4 4.6
7 13 0.8 9.1
21 79 1.3 20.4
-4 42 2.0 -4.7
-6 11 1.3 -3.4
7 34 2.0 7.3
7 72 3.2 4.6
22 97 4.0 20.8
0 34 0.6 0.8
22 80 0.8 21.5
20 88 1.5 19.3
18 52 1.5 17.6
17 91 0.7 15.9
-8 42 1.6 -8.8
12 52 1.6 11.6
-6 43 3.3 -7.3
1 34 0.9 1.7
-1 75 3.1 -4.7
-21 86 0.5 -27.8
9 100 0.8 6
3 45 1.7 2.6
12 75 2.1 10.4
11 77 0.3 9.8
-16 46 2.3 -18.1
15 94 0.4 13.6
2 88 2.4 -2.1
10 83 2.0 7.7
18 85 0.8 17.1
9 32 2.0 9.4
3 55 1.6 1.8
1 75 0.9 -1.6
13 68 1.7 11.9
6 36 0.7 6.7
1 30 1.5 1.7
-4 77 3.6 -8.5
-18 86 1.1 -24.8
18 90 0.9 17
11 40 2.9 10.7
11 50 4.8 9.9
9 89 0.7 6.7
-7 82 3.2 -12.4
9 97 0.6 6.3
9 49 3.6 8.1
8 42 2.1 7.8
20 78 0.5 19.6
20 87 1.1 19.4
-22 82 0.3 -28.2
12 90 1.2 9.9
3 29 1.0 4
4 12 0.8 6.4
20 55 1.5 19.4
23 76 4.6 22.1
-4 54 0.7 -5.2
9 97 2.4 5.7
1 85 3.1 -3.2
10 52 2.1 9.3
8 99 1.8 4.5
12 61 0.8 11.4
11 84 2.4 8.8
-15 56 0.5 -17.2
5 20 1.3 6.5
10 99 0.9 7.2
-9 30 1.8 -8.6
-13 75 0.8 -17.5
0 68 3.2 -3
4 21 1.3 5.5
9 95 1.1 6.2
4 58 2.4 2.4
7 35 1.9 7.3
23 86 2.2 22.2
-14 58 0.9 -16.7
18 45 2.4 17.5
5 36 1.5 5.3
0 67 1.1 -2.2
21 84 1.2 20.3
1 61 1.6 -0.8
-9 28 1.7 -8.4
21 88 3.4 19.9
9 84 0.4 7.1
17 39 4.2 16.3
5 43 2.3 4.6
23 74 1.3 22.6
15 65 3.4 13.8
3 79 1.8 -0
-2 52 0.5 -2.7
-5 80 7.0 -10.8
-2 38 1.3 -1.9
9 97 1.4 6
7 99 1.9 3.3
-5 46 1.2 -5.8
8 97 1.4 4.8
20 77 1.9 19.2
12 78 1.7 10.4
3 30 1.9 3.6
-1 20 10.0 -1.4
-3 32 0.4 -1.9
10 84 2.3 7.6
2 87 5.8 -2.8
-16 70 1.8 -20.9
2 47 1.4 1.5
15 37 3.1 14.7
14 85 3.4 12
7 97 0.9 3.8
13 95 0.8 11
7 34 1.1 7.6
11 57 2.8 9.9
3 24 2.9 3.7
0 34 0.4 1
13 78 3.3 11.1
10 53 3.0 9
-6 49 1.6 -7.3
4 70 2.9 1.4
6 16 1.6 7.6
-20 88 1.4 -27.7
8 46 3.6 7.2
-19 77 2.8 -25.7
14 81 0.7 12.8
1 20 1.0 2.8
9 96 1.7 5.9
12 57 1.3 11.4
-16 54 1.9 -18.9
5 19 2.2 6.3
-4 41 3.0 -4.9
14 82 4.0 12
2 83 3.1 -1.9
-18 86 1.1 -24.8
21 91 0.7 20.3
11 83 2.5 8.8
8 95 1.0 5
10 83 1.8 7.8
16 85 0.7 14.9
16 39 3.6 15.5
6 48 1.5 5.6
-10 47 1.6 -11.4
3 34 1.4 3.5
14 63 2.2 13
-10 77 4.6 -15.9
2 34 2.1 2.2
1 48 3.4 -0.3
17 87 0.7 16
-10 68 1.1 -13.5
-1 61 1.6 -3
3 62 1.9 1.2
7 36 0.8 7.7
2 24 2.8 2.8
12 89 1.0 10.1
26 71 4.0 24.9
3 57 1.8 1.6
10 89 1.2 7.7
15 44 7.4 13.7
7 64 0.4 6.1
-4 46 3.4 -5.5
24 71 0.8 23.8
3 13 7.9 3.5
20 92 1.8 19.2
9 96 2.7 5.7
8 85 2.4 5.2
6 17 0.9 7.9
-5 74 1.0 -8.4
8 34 1.6 8.4
11 46 2.1 10.7
11 89 4.1 8.2
-5 72 2.3 -8.8
17 96 1.0 15.7
-6 65 4.0 -9.8
19 87 0.7 18.3
4 37 2.2 4
8 94 0.9 5.1
13 37 8.3 11.8
3 25 0.8 4.5
10 69 0.9 8.8
2 65 2.0 -0.2
15 90 1.3 13.4
4 38 1.7 4.1
-6 18 0.9 -3.9
-2 20 2.3 -0.7
3 33 2.5 3.2
-5 81 2.5 -9.7
9 51 2.6 8.2
-6 50 5.9 -8.7
14 72 0.3 13.3
10 94 0.6 7.6
-1 70 0.8 -3.4
-8 34 0.4 -7.2
1 87 1.9 -3
18 50 1.4 17.7
-2 26 0.6 -0.5
8 100 1.6 4.5
-22 79 2.2 -29.2
0 40 0.4 0.5
1 25 3.1 1.6
13 60 0.7 12.6
3 23 3.1 3.8
15 92 0.7 13.5
9 88 1.5 6.4
10 97 0.8 7.4
10 81 0.6 8.3
5 28 0.9 6.2
22 83 2.7 21.1
8 96 3.2 4.4
-1 17 6.3 -0.5
0 28 1.2 1
14 56 1.5 13.5
0 22 1.3 1.5
27 17 2.6 23
-19 82 0.9 -25.3
9 86 2.0 6.4
6 27 1.2 7.1
-14 84 0.5 -19.5
-1 26 1.3 0.1
3 24 1.4 4.2
-8 94 2.3 -14.6
10 79 0.5 8.5
24 70 3.1 23.5
4 60 1.3 2.7
7 64 0.8 5.9
9 7 4.7 10.1
-6 70 3.2 -10
1 38 0.8 1.4
25 73 1.3 24.8
3 63 0.4 1.8
8 99 4.0 4
-9 80 1.0 -13.6
23 76 1.8 22.4
2 62 1.6 0.2
2 29 0.6 3.3
7 23 2.2 7.9
1 21 1.3 2.6
18 40 2.2 17.6
-14 37 1.2 -14.4
-22 84 0.8 -29
3 61 0.7 1.8
1 57 1.3 -0.4
24 89 1.5 23.2
6 50 2.7 5.1
9 98 2.8 5.6
-5 33 0.6 -4.2
10 96 0.3 7.7
8 96 3.1 4.4
0 69 0.6 -2.1
17 84 0.4 16.2
6 49 0.3 6.1
6 55 2.4 4.8
7 26 1.5 8
8 97 0.7 5
3 23 1.5 4.3
-2 40 1.3 -2.1
1 27 0.6 2.4
4 62 2.2 2.2
10 100 2.0 6.9
9 96 1.9 5.9
7 40 0.9 7.4
5 57 1.8 3.8
11 85 0.5 9.3
23 79 1.5 22.4
8 95 1.0 5
19 44 1.5 18.6
16 60 3.6 14.9
0 91 5.2 -5.4
9 37 0.6 9.7
23 82 3.7 22.1
1 87 4.3 -3.7
-7 80 2.2 -11.9
8 96 1.2 4.9
-12 26 4.0 -12
4 56 0.3 3.5
18 80 3.1 16.8
18 59 0.6 17.8
-7 84 4.9 -13.1
10 83 3.0 7.5
10 56 1.1 9.4
19 80 2.5 18
10 95 2.0 7.1
10 18 1.1 11.5
20 29 1.6 19.4
9 85 1.0 6.8
23 89 6.0 21.7
3 27 1.7 3.9
3 29 2.4 3.5
20 98 2.5 19.1
10 94 1.3 7.4
3 23 1.7 4.2
3 46 0.7 2.9
4 40 0.9 4.3
8 36 2.1 8.2
5 30 1.8 5.6
-4 24 1.8 -2.9
8 94 0.9 5.1
16 91 1.2 14.6
10 93 1.1 7.5
4 54 1.0 3.2
-11 80 1.9 -16.4
11 78 1.1 9.4
10 73 1.5 8.4
-8 35 1.5 -8
-16 74 1.2 -21.1
9 97 0.9 6.1
13 77 1.2 11.7
8 93 1.8 4.9
9 97 1.3 6
10 77 1.0 8.4
1 22 1.5 2.4
6 60 1.7 4.7
16 48 2.5 15.5
24 25 2.5 24.6
2 85 0.8 -1.2
-20 80 0.6 -26
9 97 0.5 6.3
-4 26 2.1 -3.2
13 87 1.6 11.1
3 52 0.9 2.4
6 15 1.6 7.7
1 35 1.4 1.4
-4 72 1.3 -7.2
10 100 1.4 7
4 43 1.0 4
11 98 0.9 8.5
2 83 7.3 -2.8
22 68 1.6 21.5
25 26 8.8 24.8
10 98 0.9 7.3
-16 80 2.2 -22.4
2 28 2.6 2.5
3 23 1.7 4.2
4 64 6.3 1.1
21 88 1.8 20.2
9 74 3.1 6.8
8 95 0.5 5.3
18 64 2.1 17.2
17 98 1.0 15.6
-4 56 2.5 -6.2
12 78 2.6 10.1
18 35 2.8 17.6
5 45 0.9 5
20 89 2.2 19.2
24 68 3.6 23.4
9 99 1.8 5.7
24 88 1.2 23.3
12 54 1.5 11.5
7 24 1.7 8
8 31 1.3 8.7
9 94 1.2 6.2
6 59 2.0 4.7
8 97 1.3 4.8
6 36 1.8 6.2
13 41 2.9 12.7
2 27 3.0 2.5
14 47 6.2 12.8
-15 89 0.6 -21.3
-4 47 1.3 -4.9
8 92 1.9 4.9
5 100 2.3 0.7
22 71 2.6 21.3
13 75 0.5 12
-1 45 1.4 -1.5
9 94 1.0 6.3
20 83 2.3 19.2
10 94 0.8 7.5
21 93 2.3 20
10 99 2.7 6.8
9 98 2.5 5.6
-14 80 1.8 -19.8
3 18 1.8 4.5
2 75 3.6 -1.4
21 61 1.0 20.7
24 75 5.7 23.1
8 97 1.4 4.8
-1 78 8.0 -6.1
20 69 1.6 19.3
7 74 5.7 4
9 42 2.8 8.6
3 72 2.1 0.4
6 95 0.8 2.7
8 88 0.7 5.6
13 80 4.9 10.8
15 6 1.9 16
-14 92 0.9 -20.7
15 20 4.8 14.8
14 46 1.6 13.8
-9 50 2.6 -11.1
-4 37 2.1 -4.2
3 71 1.8 0.6
4 40 0.6 4.5
-4 63 0.9 -6.2
21 31 2.5 20.6
9 47 3.5 8.2
19 81 0.8 18.3
4 19 2.2 5.3
-11 75 0.9 -15.3
16 74 2.6 14.8
-4 34 3.2 -4.3
3 29 1.0 4
0 33 2.2 0.2
3 42 2.4 2.5
-4 84 1.4 -8.4
11 79 1.8 9.1
3 17 0.9 5
8 94 0.6 5.3
9 96 3.0 5.6
21 77 1.7 20.3
3 100 6.0 -2.6
-5 69 2.5 -8.6
-6 75 2.9 -10.4
7 36 1.1 7.5
10 88 1.4 7.6
-23 78 0.5 -29
24 75 1.1 23.7
-4 45 11.7 -7.1
4 15 1.3 5.9
7 49 1.5 6.5
-2 59 2.6 -4.3
-5 85 2.4 -10.1
26 47 1.7 23.9
18 51 0.6 17.9
10 95 1.2 7.3
-4 91 3.1 -9.7
9 95 2.2 5.9
14 67 2.3 12.9
10 80 0.9 8.2
-1 82 2.5 -5.2
9 93 1.3 6.2
22 72 1.9 21.4
11 80 1.2 9.3
9 96 1.6 6
-10 43 1.6 -11
17 37 1.5 17
0 24 4.2 0.4
9 93 0.8 6.4
16 44 0.4 16.3
9 85 1.1 6.8
4 25 1.4 5.2
10 92 2.9 7.1
10 94 3.1 6.9
8 99 0.9 4.8
3 40 2.9 2.5
9 96 1.8 5.9
-4 63 1.1 -6.3
10 96 0.5 7.6
10 100 0.7 7.3
10 41 2.8 9.7
23 74 2.6 22.3
-11 70 1.8 -15.2
21 89 2.4 20.1
14 75 3.9 12.3
20 53 0.7 19.6
12 46 1.0 12
2 57 7.9 -0.9
2 45 0.8 1.9
12 11 0.8 13.8
9 100 0.5 6.1
6 81 3.5 2.8
13 49 2.8 12.4
3 14 2.5 4.6
22 82 2.1 21.2
1 24 1.2 2.4
13 19 1.2 14.1
-1 43 1.5 -1.4
8 96 2.3 4.6
13 99 2.9 10.4
10 91 1.1 7.6
6 10 4.3 7.2
23 91 2.8 22
11 91 2.3 8.4
16 42 3.4 15.5
-24 74 1.2 -30.2
-14 48 2.6 -16.3
1 10 7.7 1.8
6 21 0.7 7.7
4 31 1.8 4.6
9 98 2.3 5.7
23 80 4.3 22
20 81 0.6 19.5
-3 67 1.4 -5.7
-5 55 2.8 -7.3
2 88 2.9 -2.2
9 92 0.9 6.4
12 8 1.4 13.6
3 31 2.3 3.4
3 16 5.6 3.7
0 61 1.7 -1.9
18 94 0.7 17
-2 55 4.2 -4.4
1 68 2.5 -1.7
13 74 1.3 11.8
1 73 1.3 -1.7
12 88 2.5 9.7
-4 74 7.3 -9.1
-13 32 2.0 -13.1
10 17 5.0 10.4
11 98 0.7 8.6
-9 38 1.0 -9.1
13 96 0.7 11
10 56 2.1 9.1
14 55 1.2 13.6
9 95 1.8 6
23 77 3.4 22.2
17 88 0.8 15.9
10 82 0.5 8.3
3 58 0.5 2.1
2 34 2.3 2.2
12 91 1.5 9.8
15 59 1.0 14.6
-6 51 0.4 -6.9
-5 66 2.3 -8.2
1 25 1.6 2.1
9 42 1.5 9
-6 83 3.7 -11.5
-6 80 3.3 -11.1
-11 78 2.7 -16.5
9 74 5.1 6.4
7 47 2.4 6.4
3 58 1.0 1.9
6 58 1.2 5
1 59 1.7 -0.7
3 53 3.1 1.5
10 83 1.7 7.8
-11 66 2.0 -14.9
12 98 2.7 9.2
6 45 1.1 5.9
13 90 2.5 10.8
-7 87 5.0 -13.5
3 40 1.0 3.2
9 94 1.3 6.2
11 81 2.4 8.9
9 84 1.2 6.8
17 76 1.3 16.1
9 100 0.8 6
9 68 1.4 7.6
-6 64 1.8 -8.9
1 76 1.1 -1.8
15 88 0.9 13.6
3 99 4.6 -2.3
-5 31 0.8 -4.1
-1 33 1.6 -0.6
8 93 1.2 5.1
11 76 1.9 9.3
23 77 0.6 22.7
-3 25 1.4 -1.8
-15 79 1.2 -20.5
-6 66 3.9 -9.8
8 95 0.3 5.4
2 100 6.8 -4
12 95 2.4 9.4
-21 78 0.8 -27
21 83 3.5 20
14 42 3.0 13.6
11 98 2.6 8
-1 96 0.3 -5.3
2 88 0.6 -1.3
14 78 0.8 12.9
0 77 2.0 -3.4
9 91 1.1 6.4
-5 79 3.1 -9.7
14 72 4.9 12.2
14 41 4.3 13.4
16 98 0.5 14.6
16 93 0.9 14.6
11 79 2.8 8.9
21 95 2.6 20
9 95 1.6 6
4 20 1.1 5.6
11 98 2.5 8.1
25 63 0.9 25.2
12 90 0.4 10.3
8 46 3.2 7.3
14 51 2.0 13.5
24 78 2.0 23.4
-10 47 1.0 -11.1
8 66 0.9 6.8
-2 21 2.8 -1
-7 36 1.5 -7
-17 83 1.0 -23.2
3 23 0.7 4.7
8 96 0.4 5.3
8 98 1.2 4.8
5 55 0.3 4.7
-7 68 0.8 -9.9
10 94 3.9 6.8
-10 72 1.2 -14
-6 23 1.6 -4.7
8 98 0.6 5
-6 46 1.2 -6.9
21 82 4.7 19.8
24 73 1.0 23.7
2 34 1.4 2.5
17 44 4.5 16.1
21 86 2.6 20.1
21 100 5.5 19.7
10 49 3.2 9.2
13 97 0.5 11.1
-2 61 2.0 -4.3
0 33 2.6 0.1
0 33 1.2 0.6
10 93 0.5 7.7
-5 50 1.9 -6.5
9 100 0.3 6.3
10 96 1.2 7.3
4 46 2.6 3.2
5 19 4.3 5.7
13 72 3.5 11.3
-12 42 1.3 -12.9
2 54 0.6 1.3
-6 43 2.0 -6.9
20 54 1.7 19.3
3 82 5.7 -1.2
10 95 3.5 6.8
10 99 1.6 7
20 97 0.9 19.4
19 85 0.5 18.4
-5 28 2.6 -4.6
18 85 1.1 17.1
20 87 2.3 19.2
9 41 1.5 9.1
10 76 4.7 7.5
-6 42 2.2 -6.9
9 96 1.8 5.9
11 88 2.2 8.6
21 81 1.5 20.3
-8 22 2.7 -7.1
9 97 1.2 6
0 24 2.5 0.9
10 96 0.4 7.6
16 37 5.5 15.2
3 67 2.4 0.7
13 59 2.4 12.1
8 97 1.6 4.7
17 60 0.5 16.8
9 99 3.6 5.3
20 33 1.6 19.4
10 92 3.5 6.9
-10 77 3.1 -15.4
-2 66 1.1 -4.3
24 76 1.2 23.6
10 97 2.3 6.9
19 53 1.1 18.6
-6 27 2.0 -5.3
9 99 0.9 6
12 53 1.4 11.6
-5 84 0.8 -9.3
2 20 1.7 3.5
5 20 2.4 6.1
9 90 2.3 6.1
16 88 0.8 14.8
2 38 2.4 1.8
-2 74 4.6 -6.2
17 43 2.6 16.6
3 38 1.6 3.1
23 91 2.3 22
3 63 0.7 1.6
8 41 2.6 7.7
1 53 2.4 -0.4
16 43 1.6 15.9
16 35 3.3 15.7
11 83 1.4 9.1
-4 94 1.7 -9.5
9 81 0.5 7.2
3 53 1.6 2
-20 79 1.8 -26.7
15 83 2.2 13.5
11 82 2.1 8.9
7 41 2.5 6.7
21 74 4.3 19.9
8 34 1.1 8.6
10 57 1.0 9.4
9 93 2.9 5.8
2 27 0.5 3.5
3 24 2.7 3.8
10 86 2.1 7.6
-23 79 1.0 -29.6
10 95 2.3 7
2 45 1.0 1.8
16 10 1.0 17.1
10 97 1.3 7.2
8 94 2.1 4.8
-14 31 1.4 -13.7
16 54 1.8 15.5
1 70 0.7 -1.1
-5 72 2.9 -9
-5 33 1.0 -4.4
18 96 0.8 16.9
24 26 2.7 24.5
8 83 1.2 5.7
9 96 3.0 5.6
1 37 1.8 1.1
12 97 2.5 9.3
17 85 0.7 16
1 82 2.8 -2.9
9 98 1.2 6
11 98 5.4 7.6
3 28 1.0 4.1
10 94 1.6 7.3
-5 26 2.0 -4.2
-14 36 2.1 -14.6
0 31 1.6 0.6
-22 82 0.7 -28.6
18 45 3.1 17.3
20 37 2.4 19.2
1 12 4.2 2.4
13 54 2.9 12.2
3 37 1.7 3.2
6 39 0.3 6.8
-2 93 0.6 -6.5
8 64 6.4 5.6
-11 49 5.3 -14
9 91 0.9 6.5
3 39 1.5 3.1
-2 91 1.2 -6.6
8 98 3.6 4.2
-7 27 0.8 -5.8
0 58 2.4 -1.9
7 7 5.0 8.2
14 55 2.9 13.2
4 21 1.0 5.6
8 96 1.7 4.7
-3 28 0.4 -1.5
-17 85 1.8 -24
18 84 1.2 17.1
6 64 4.1 3.8
18 87 0.7 17.1
6 46 1.6 5.7
7 42 2.2 6.8
2 61 0.7 0.7
12 26 0.3 13.4
3 57 0.7 2.1
9 93 2.6 5.9
9 93 0.8 6.4
9 93 0.6 6.5
17 89 0.7 15.9
-1 52 1.4 -2.1
9 89 1.3 6.5
0 21 2.9 1
3 19 1.7 4.5
7 29 1.7 7.7
20 89 1.5 19.3
-14 66 1.7 -18.1
8 68 1.7 6.4
7 18 1.4 8.5
-2 20 9.2 -2.2
19 94 1.7 18
21 71 0.6 20.6
8 43 1.8 7.8
-5 18 3.1 -3.8
11 78 2.2 9.1
-9 48 1.0 -10.2
8 89 1.9 5.1
11 83 1.1 9.2
5 29 2.4 5.5
9 41 1.0 9.3
6 9 5.0 7.1
18 72 3.3 16.9
1 37 1.5 1.2
3 18 5.7 3.5
11 37 2.5 11
11 45 4.3 10.2
21 94 2.6 20
9 92 1.2 6.3
21 94 2.7 20
7 21 0.4 8.9
0 42 2.1 -0.5
14 72 1.6 12.9
0 39 1.4 0
-2 58 1.0 -3.6
15 73 1.5 13.9
-1 89 2.4 -5.7
16 95 1.2 14.5
-5 21 4.9 -4.5
-2 79 4.2 -6.5
9 82 2.7 6.5
14 76 2.6 12.5
9 95 1.2 6.2
15 90 0.6 13.6
16 53 3.4 15.2
26 23 9.0 21.2
-9 74 3.1 -13.9
23 76 1.1 22.6
14 33 3.3 13.8
14 72 0.8 13.1
22 85 1.2 21.3
13 76 1.0 11.8
10 73 0.3 8.9
-7 54 1.8 -9
3 25 1.0 4.3
-14 80 0.8 -19.2
-16 49 1.4 -18.1
8 85 1.6 5.4
8 99 2.0 4.5
7 28 2.0 7.7
8 89 1.4 5.3
10 88 4.3 7
7 72 2.1 4.9
0 42 2.0 -0.5
24 73 2.4 23.5
-9 60 1.5 -11.7
17 84 1.1 16
3 44 0.5 3.2
1 19 8.0 1
11 98 3.5 7.9
11 100 2.4 8
2 13 4.7 3.1
17 52 3.2 16.2
5 57 0.7 4.2
10 55 0.8 9.6
3 85 1.0 -0.2
20 81 2.4 19.2
20 33 1.6 19.4
10 91 0.8 7.7
10 91 1.4 7.5
13 67 1.3 12.1
18 80 5.8 16.4
3 59 1.9 1.4
18 36 3.3 17.4
-15 45 1.9 -16.7
7 23 2.4 7.9
6 88 1.7 2.9
9 84 1.7 6.6
13 80 0.6 11.8
-5 19 1.0 -3.1
-9 74 1.5 -13.2
3 65 1.4 1.2
-7 23 5.8 -7
11 71 0.7 9.9
7 45 1.9 6.7
-1 23 3.1 -0.2
4 68 0.9 2.3
8 96 0.5 5.2
-2 23 10.7 -2.8
-8 30 2.6 -7.9
23 28 3.0 23.1
-2 20 3.5 -1.1
16 39 1.0 16.2
8 95 1.3 4.9
18 90 0.7 17.1
3 38 1.0 3.4
-11 28 2.7 -10.8
8 92 1.3 5.1
-14 38 2.9 -15.2
-5 25 2.3 -4.2
7 47 2.2 6.4
10 80 0.7 8.3
10 56 2.6 9
16 39 1.7 16
11 59 0.6 10.6
24 73 1.4 23.7
22 76 0.9 21.5
-16 35 3.9 -17.3
9 89 3.5 5.9
-14 38 2.7 -15.1
-7 47 1.3 -8.1
-10 48 1.2 -11.4
9 87 0.6 6.8
15 84 1.4 13.6
-4 73 0.8 -7.1
2 74 3.3 -1.2
-4 17 2.5 -2.5
12 42 1.7 12
15 75 2.3 13.7
-6 22 5.1 -5.7
9 99 0.9 6
23 77 3.7 22.1
6 49 0.9 5.7
11 86 0.3 9.4
-6 26 2.3 -5.3
6 60 1.2 4.9
8 98 1.4 4.7
9 82 1.5 6.8
7 76 0.5 5.3
10 78 0.7 8.4
7 18 2.9 8
12 54 4.0 10.9
11 77 1.8 9.2
17 78 2.8 15.7
-12 50 2.2 -14.2
25 41 1.1 25.8
18 37 3.6 17.4
16 94 2.5 14.2
8 96 1.4 4.8
10 92 4.3 6.8
-2 36 1.3 -1.8
-21 81 0.6 -27.3
8 51 1.7 7.4
10 96 1.4 7.2
17 71 0.8 16.4
9 100 2.9 5.4
-5 91 5.9 -11.7
1 65 1.1 -0.9
3 32 0.4 4.2
9 96 1.0 6.2
-11 33 1.5 -10.9
-7 66 2.7 -10.6
21 90 4.0 19.9
8 37 1.4 8.3
19 86 0.9 18.2
-7 46 0.8 -7.7
8 42 4.2 7.3
8 26 2.9 8.5
9 87 2.4 6.3
17 53 5.0 15.9
3 54 0.5 2.4
16 33 4.3 15.5
-5 33 1.2 -4.5
14 85 1.3 12.4
9 82 0.7 7.1
-2 37 2.1 -2.2
3 73 0.9 0.8
14 49 0.6 14.1
12 54 3.1 11.1
7 77 2.2 4.6
-2 44 3.3 -3.2
10 94 4.3 6.7
8 99 0.5 5
-4 44 2.6 -5.1
7 48 1.9 6.5
10 95 1.1 7.4
1 50 0.6 0.6
15 82 4.0 13.2
-6 55 3.1 -8.5
5 48 1.4 4.6
3 83 3.3 -0.8
22 81 0.7 21.5
3 46 0.7 2.9
3 50 0.6 2.7
13 81 2.4 11.2
10 82 0.9 8.1
8 34 2.8 8.1
3 47 1.2 2.6
15 100 1.2 13.1
-1 21 1.2 0.6
16 59 0.9 15.6
-6 71 3.8 -10.3
-5 89 2.8 -10.6
22 80 1.5 21.3
1 41 2.4 0.5
14 44 1.1 14.1
9 88 2.8 6.1
1 30 1.8 1.6
10 91 1.8 7.4
2 83 0.7 -1
-11 67 1.5 -14.7
3 51 0.5 2.7
13 69 2.1 11.7
7 52 0.4 6.9
8 96 1.7 4.7
21 83 1.8 20.2
8 99 1.9 4.5
-17 79 0.6 -22.4
1 25 2.7 1.7
0 44 1.0 -0.2
3 32 1.0 3.8
4 22 5.2 4.3
2 80 4.2 -1.9
-13 72 2.6 -18.1
9 26 1.1 10.1
17 38 3.3 16.5
20 35 3.2 19
-13 52 2.5 -15.7
8 96 0.3 5.3
4 47 0.3 4.2
10 91 2.7 7.2
23 95 1.7 22
-1 59 1.6 -2.8
-13 63 0.8 -16.1
-5 28 0.9 -3.9
11 71 0.9 9.8
6 17 1.3 7.7
9 100 2.3 5.6
10 91 1.1 7.6
20 89 1.0 19.4
15 88 0.6 13.7
0 44 1.2 -0.3
11 81 0.7 9.4
9 29 1.8 9.6
-2 19 5.7 -1.5
11 64 0.9 10.2
7 14 1.0 9
-1 38 1.0 -0.8
5 67 3.1 2.7
9 92 2.9 5.9
17 91 3.8 15.3
6 46 3.0 5.2
17 66 1.7 16.2
17 44 4.0 16.2
-6 88 2.7 -11.7
14 68 2.8 12.7
-1 49 1.4 -1.9
-5 40 2.7 -5.8
11 75 2.4 9.2
2 30 2.1 2.5
10 82 2.0 7.8
13 54 3.1 12.1
7 38 1.9 7.1
23 75 3.6 22.2
18 85 1.4 17
10 84 1.4 7.9
8 94 1.3 5
-5 29 4.7 -5.3
-5 26 2.6 -4.4
5 52 0.7 4.6
12 100 2.5 9.2
-15 39 2.5 -16.2
14 89 4.0 11.8
19 37 4.2 18.1
0 28 1.9 0.7
-1 26 1.6 0
10 90 0.9 7.7
20 72 0.4 19.7
-8 74 2.3 -12.4
-13 62 1.0 -16.1
-4 22 3.6 -3.3
11 64 2.6 9.7
8 99 1.4 4.7
9 96 2.0 5.9
11 39 3.3 10.7
12 73 1.1 10.8
1 27 1.0 2.2
3 33 0.6 4
3 86 2.4 -0.7
15 94 0.3 13.6
2 64 1.5 0.1
9 96 1.6 6
3 44 2.2 2.5
14 46 4.2 13.2
7 42 1.0 7.2
-4 26 2.0 -3.2
23 74 2.4 22.4
8 25 1.8 8.9
0 66 1.0 -2.1
9 96 2.2 5.8
12 48 2.5 11.5
10 91 1.1 7.6
-4 33 0.8 -3.3
-15 44 0.8 -16
9 96 1.3 6.1
2 25 0.5 3.6
11 96 0.6 8.7
-19 83 0.7 -25.3
21 78 3.5 20
9 27 1.8 9.8
-17 90 1.7 -24.6
12 65 1.3 11.1
7 20 3.8 7.7
6 43 1.2 6
9 96 1.7 5.9
27 68 1.7 26.2
8 32 4.0 7.9
-5 81 2.6 -9.8
-16 64 1.3 -19.9
23 86 2.4 22.1
-5 16 4.7 -4
17 91 0.7 15.9
3 51 2.1 2
9 85 1.4 6.6
-7 85 3.9 -13
8 63 0.4 7.3
2 87 2.8 -2.1
19 96 3.3 17.7
7 20 2.3 8.1
9 96 1.5 6
-12 74 3.8 -17.6
8 53 0.5 7.8
-29 72 1.0 -35.5
9 83 4.1 6.1
6 27 2.5 6.6
10 92 1.3 7.5
10 81 1.2 8.1
12 78 2.8 10.1
10 66 0.8 9
5 66 1.3 3.4
6 94 2.5 2.2
22 80 2.3 21.2
8 37 1.0 8.5
-7 30 1.9 -6.6
10 80 1.5 8
-9 38 1.8 -9.5
-2 23 1.7 -0.8
-20 73 2.2 -26.1
1 29 3.9 1.1
6 84 1.0 3.4
12 97 0.7 9.8
6 60 1.7 4.7
19 74 5.2 17.7
8 15 1.3 9.7
1 68 2.1 -1.6
3 85 3.9 -1.1
23 82 1.7 22.3
-6 15 3.3 -4.5
-12 66 2.2 -16.1
11 93 2.2 8.4
10 88 1.0 7.8
-6 37 1.5 -6.1
9 89 1.7 6.3
3 50 0.8 2.6
-9 46 1.9 -10.4
10 97 4.1 6.6
3 29 1.2 4
13 85 1.5 11.2
2 61 0.7 0.7
1 20 1.9 2.4
10 79 0.4 8.5
12 90 2.9 9.5
-20 75 0.9 -25.6
-8 31 6.7 -9
11 94 2.8 8.2
11 53 3.5 10
10 98 1.1 7.2
8 42 0.9 8.3
8 34 2.1 8.3
-6 82 3.9 -11.5
23 63 1.0 22.9
-7 87 3.0 -12.9
9 88 1.4 6.5
13 94 0.8 11.1
-9 32 2.0 -8.9
5 44 1.2 4.9
1 36 1.7 1.2
9 83 2.1 6.6
13 85 2.7 11
6 46 1.8 5.6
11 13 1.6 12.4
17 27 2.0 17.1
14 90 1.4 12.2
16 48 5.2 15
12 94 0.8 9.9
9 31 0.8 9.9
10 41 2.2 9.9
8 95 1.0 5
8 89 1.5 5.2
-20 88 0.9 -27.3
23 90 2.8 22
20 85 1.4 19.3
-1 24 1.3 0.3
19 84 1.6 18.1
23 76 2.9 22.3
21 93 1.0 20.2
-13 68 1.0 -16.8
3 50 1.1 2.4
7 40 0.8 7.4
12 88 2.4 9.7
10 87 1.8 7.6
12 91 2.0 9.7
12 77 5.0 9.7
6 46 2.5 5.4
6 25 0.8 7.4
10 87 2.0 7.5
-9 32 3.5 -9.4
1 86 2.3 -3.1
-18 83 0.9 -24.3
-8 36 1.5 -8.1
-13 40 0.6 -13.3
6 85 0.5 3.6
1 33 2.3 1.2
9 77 1.2 7.2
13 57 1.0 12.6
6 23 2.6 6.8
6 61 4.1 4
7 99 1.8 3.3
-6 80 4.2 -11.4
12 92 2.8 9.5
9 98 1.8 5.8
5 18 1.1 6.8
4 78 4.2 0.6
8 47 1.8 7.6
9 93 0.6 6.5
7 60 2.7 5.5
-2 52 2.5 -3.6
-7 26 2.8 -6.5
-6 31 1.5 -5.5
12 85 0.6 10.4
21 70 1.8 20.4
1 41 1.6 0.8
10 100 1.7 6.9
2 85 1.8 -1.6
3 21 3.7 3.7
9 95 0.4 6.5
1 30 3.8 1
-15 54 0.9 -17.3
-2 68 2.4 -5
9 93 2.2 6
-1 32 2.5 -0.8
9 98 0.7 6.2
4 83 2.0 0.8
9 91 1.0 6.4
22 87 5.0 20.8
16 76 1.0 15.1
10 95 1.1 7.4
24 67 0.7 24
12 83 0.7 10.4
8 97 1.5 4.7
9 7 2.3 10.7
7 46 2.2 6.5
8 62 3.0 6.4
7 17 3.9 7.8
22 76 4.1 21
12 88 1.7 9.9
3 59 8.9 -0.1
9 95 1.4 6.1
0 32 1.4 0.6
9 94 0.8 6.4
16 45 1.2 16
-1 90 2.4 -5.8
2 47 0.4 2
-14 47 0.7 -15.2
15 95 3.3 12.9
-5 29 0.5 -3.7
-14 63 0.4 -16.9
-11 29 1.4 -10.4
15 65 0.5 14.6
1 29 4.7 0.9
-7 36 0.6 -6.6
-2 97 1.2 -7.1
7 94 0.9 3.9
23 34 4.1 22.8
9 27 2.3 9.6
-9 69 0.9 -12.4
-2 78 5.1 -6.7
1 33 1.1 1.7
21 46 1.1 20.8
14 97 0.8 12.1
-4 90 4.1 -9.9
18 91 0.8 17
6 22 2.3 7
10 87 1.4 7.7
-15 50 2.2 -17.5
2 57 1.1 0.8
12 82 4.1 9.7
-16 84 1.2 -22.3
3 47 1.2 2.6
9 92 3.0 5.8
8 97 2.2 4.5
-5 26 3.4 -4.6
8 27 1.5 8.9
9 93 0.6 6.5
4 11 2.1 5.9
5 45 0.6 5.1
0 31 1.4 0.7
-14 43 9.4 -17.4
20 100 1.8 19.2
4 25 7.7 3.6
12 71 2.5 10.5
15 67 1.5 14.1
-4 41 3.2 -5
10 84 0.5 8.2
22 90 1.2 21.2
-2 31 0.7 -1
8 98 1.7 4.6
-2 16 9.3 -1.9
-24 78 0.3 -29.9
9 92 0.8 6.5
2 40 0.5 2.5
8 44 1.0 8.1
5 36 1.3 5.4
3 12 7.8 3.6
12 100 2.2 9.2
5 45 1.2 4.8
-6 27 2.3 -5.4
4 42 1.1 4.1
-9 24 7.3 -9.4
2 54 0.7 1.3
-6 47 3.1 -7.7
-6 89 3.4 -12
13 52 1.1 12.8
6 69 1.1 4.3
10 82 0.4 8.4
7 94 0.5 4.1
9 89 0.9 6.6
1 25 2.7 1.7
-1 28 0.8 0.2
24 35 1.0 24.8
4 29 2.4 4.5
9 97 1.1 6.1
-5 26 0.9 -3.7
10 94 1.7 7.2
0 69 0.6 -2.1
23 61 0.9 23
0 53 4.1 -2
4 20 0.9 5.7
-8 74 2.8 -12.6
1 87 6.3 -4.1
13 53 2.5 12.3
11 81 0.6 9.5
4 30 2.1 4.5
6 43 1.2 6
9 24 1.8 9.9
11 92 1.4 8.6
2 36 3.0 1.8
6 23 2.4 6.9
11 84 2.3 8.8
-8 23 1.6 -6.8
9 64 1.3 7.9
-4 75 3.9 -8.4
23 90 4.5 21.8
24 75 6.1 23
18 75 1.9 17.1
16 89 3.6 14.2
17 38 5.4 16.1
0 22 1.6 1.4
-2 34 1.9 -1.8
8 92 0.6 5.4
6 99 1.0 2.4
-21 83 1.7 -28.3
9 91 1.6 6.3
-5 57 4.8 -8.1
20 85 0.8 19.5
17 67 1.0 16.4
6 56 2.5 4.7
7 95 4.6 2.9
10 97 2.8 6.8
-11 74 1.0 -15.2
11 47 0.9 11
19 83 0.4 18.4
-4 24 4.0 -3.6
-17 38 2.3 -18.2
-12 67 1.3 -15.8
-21 68 0.5 -25.4
3 19 1.3 4.7
12 26 1.5 12.8
14 72 2.4 12.7
5 41 2.0 4.8
5 34 1.9 5.3
3 32 1.5 3.6
8 39 1.8 8.1
18 60 0.8 17.7
-19 83 1.6 -25.9
-14 73 1.1 -18.6
3 52 1.3 2.2
8 96 2.7 4.5
6 26 1.4 7.1
0 29 2.6 0.4
-6 22 2.2 -4.9
6 20 2.4 7.1
7 51 1.0 6.6
-13 81 0.3 -17.7
25 68 1.6 24.9
18 65 0.4 17.7
9 14 2.3 10.3
10 89 1.4 7.6
3 26 1.8 3.9
-3 66 2.0 -5.8
1 89 2.2 -3.3
3 17 3.0 4.2
19 84 1.0 18.2
9 36 2.2 9.1
21 39 3.3 20.3
11 36 3.5 10.8
1 58 1.2 -0.4
2 83 5.1 -2.4
7 47 1.4 6.7
-2 81 2.9 -6.4
18 86 1.3 17
10 80 1.6 8
-5 40 5.3 -6.5
10 89 1.2 7.7
10 38 2.5 9.9
14 81 2.5 12.3
15 35 2.5 14.9
-6 68 0.4 -8.5
11 81 2.1 9
1 22 8.1 0.8
21 90 2.7 20
4 24 2.2 4.9
3 65 1.7 1.1
18 42 2.9 17.4
10 99 1.0 7.2
5 46 1.9 4.5
3 21 0.6 4.9
-11 39 1.8 -11.7
-20 82 0.6 -26.2
-5 87 2.4 -10.3
6 68 1.1 4.4
2 82 3.1 -1.8
0 34 0.5 0.9
-2 81 1.0 -5.6
-4 72 2.3 -7.6
12 82 1.9 10.1
8 67 0.3 7.1
7 25 2.6 7.7
10 94 1.2 7.4
7 92 0.6 4.2
10 93 1.3 7.4
9 87 1.9 6.4
10 55 2.5 9.1
10 75 0.6 8.6
9 91 5.1 5.5
10 92 2.0 7.3
7 91 0.9 4.1
18 36 0.3 18.4
17 83 3.0 15.6
11 12 2.5 12.2
1 25 1.4 2.2
2 32 1.8 2.5
8 98 1.1 4.8
22 69 1.1 21.6
9 40 6.7 7.9
3 20 2.9 4
-16 79 0.6 -21.3
22 76 1.2 21.5
13 61 0.9 12.5
21 98 3.0 19.9
7 74 3.1 4.5
1 30 1.8 1.6
7 92 0.9 4.1
6 36 0.7 6.7
14 51 3.6 13.2
0 27 2.8 0.5
14 61 1.3 13.4
1 64 0.8 -0.7
3 53 0.6 2.5
13 13 1.5 14.2
23 97 3.3 21.8
-3 13 2.5 -1.1
8 94 2.9 4.6
1 86 3.7 -3.5
-3 32 0.5 -2
9 42 3.9 8.4
12 70 0.9 11
9 96 2.0 5.9
17 43 2.5 16.6
-14 55 3.4 -17.4
9 92 2.5 6
6 45 1.3 5.8
9 97 2.1 5.8
-2 75 1.3 -5.2
-10 72 1.6 -14.2
-2 94 0.9 -6.7
3 39 0.3 3.7
3 83 1.7 -0.3
-8 43 0.9 -8.5
18 81 1.5 17.1
7 61 1.5 5.8
-2 66 0.9 -4.2
5 26 0.8 6.3
-15 40 2.7 -16.4
8 24 1.9 8.9
9 93 1.1 6.3
2 85 0.9 -1.3
3 69 1.3 0.9
9 77 3.6 6.5
4 55 1.4 3
8 100 1.4 4.6
-2 39 1.0 -1.9
13 81 2.5 11.2
-5 42 3.6 -6.3
-10 68 1.3 -13.6
18 73 0.7 17.4
0 46 0.6 -0.2
1 23 2.3 2
4 51 2.1 3
5 17 2.2 6.4
11 9 2.6 12.3
2 94 1.8 -2.3
10 98 1.5 7.1
2 89 2.0 -2
3 46 2.3 2.3
10 24 0.7 11.3
1 22 1.1 2.6
24 88 4.1 23
9 95 1.2 6.2
9 96 2.3 5.8
-17 82 2.0 -23.7
9 78 1.1 7.1
-2 34 0.8 -1.3
16 44 7.8 14.7
19 84 0.7 18.3
-11 43 0.8 -11.6
22 86 1.3 21.3
15 39 2.6 14.8
-17 84 0.8 -23.2
9 92 1.3 6.3
-20 74 0.7 -25.3
10 86 5.2 7
-18 82 0.6 -23.9
8 91 1.9 5
10 73 2.5 8.1
18 85 1.9 16.9
11 83 1.7 9
9 50 2.1 8.4
6 49 1.7 5.4
20 89 1.8 19.2
-2 33 1.7 -1.7
-19 82 1.6 -25.8
-1 35 0.4 -0.1
11 97 1.5 8.3
5 55 1.4 4.1
-2 80 6.2 -7.1
20 49 1.9 19.3
10 85 2.1 7.6
8 97 0.8 5
3 23 3.2 3.7
-5 38 1.1 -5
3 85 3.8 -1
11 56 1.8 10.3
8 95 1.6 4.8
8 42 0.7 8.4
9 85 1.6 6.6
-8 42 0.6 -8.2
-5 82 5.3 -10.7
6 63 4.5 3.8
-9 30 2.4 -8.8
9 8 2.6 10.6
8 100 1.3 4.6
0 71 0.6 -2.3
11 91 0.3 9.1
4 58 2.3 2.5
10 100 1.9 6.9
5 21 1.8 6.3
-8 30 1.1 -7.3
7 92 3.4 3.4
-15 52 1.2 -17.2
-6 75 1.0 -9.6
-2 87 2.4 -6.7
3 25 5.2 3.1
-4 35 0.5 -3.3
6 38 1.1 6.4
-5 71 0.9 -8.1
12 87 1.9 9.9
10 100 3.4 6.6
10 61 0.7 9.4
-7 89 4.2 -13.5
20 75 1.9 19.2
14 44 1.0 14.1
0 28 1.8 0.8
-1 27 0.8 0.3
17 49 0.4 17.1
17 45 1.2 16.9
-7 31 2.7 -7
-8 26 4.1 -7.9
8 96 0.7 5.1
15 68 4.4 13.5
-4 30 2.9 -3.8
6 51 1.6 5.3
-8 70 2.5 -12.1
6 23 1.1 7.4
-10 40 2.2 -10.9
1 53 0.8 0.2
-4 44 1.7 -4.8
14 36 3.6 13.7
20 99 0.7 19.4
7 31 1.5 7.7
-5 28 2.1 -4.4
10 98 0.7 7.4
12 65 0.7 11.3
17 34 2.5 16.8
21 76 1.0 20.5
3 20 1.4 4.5
9 92 1.4 6.3
6 35 2.6 6.1
22 43 2.6 21.7
11 88 1.9 8.7
1 91 1.4 -3.1
9 24 2.0 9.9
23 78 2.3 22.3
9 96 0.7 6.3
17 83 2.6 15.7
-11 27 6.8 -11.7
8 41 1.1 8.2
18 84 1.4 17
13 76 2.5 11.4
5 44 1.5 4.8
15 49 2.9 14.4
9 99 1.7 5.8
-5 84 3.0 -10.2
1 25 0.7 2.5
11 100 2.1 8.1
-16 75 2.1 -21.7
3 36 0.4 3.9
0 25 1.6 1.1
-6 25 3.8 -5.7
10 96 0.8 7.4
14 82 0.9 12.7
-9 70 2.9 -13.4
1 39 2.8 0.6
7 26 1.8 7.9
-16 82 1.1 -22
10 54 1.3 9.5
3 73 2.1 0.3
7 42 0.6 7.4
-4 33 2.5 -4
-8 49 2.9 -10
8 94 0.4 5.4
9 96 1.4 6
3 26 2.1 3.8
22 78 1.6 21.3
8 54 1.4 7.3
-13 73 1.6 -17.7
7 86 2.4 4
6 50 1.1 5.6
23 81 3.2 22.1
15 66 2.5 13.9
3 36 2.4 3
10 53 1.3 9.5
21 97 3.6 19.9
8 98 2.4 4.4
7 10 0.5 9.5
8 99 6.3 3.7
3 72 1.1 0.8
5 52 1.0 4.4
9 35 1.8 9.3
8 69 0.6 6.8
16 92 1.7 14.4
-9 31 1.2 -8.5
16 79 2.4 14.7
-5 55 3.1 -7.4
10 82 0.5 8.3
1 25 1.9 2
6 18 1.9 7.4
3 11 3.6 4.5
3 32 2.3 3.3
7 51 2.4 6.1
14 73 1.1 13
5 44 0.4 5.3
7 93 0.8 4.1
5 7 2.0 7.2
10 93 0.3 7.8
14 94 3.2 11.7
22 89 2.1 21.1
21 90 3.1 20
2 85 7.1 -2.9
7 95 0.4 4.1
15 63 1.0 14.4
18 86 1.1 17
10 100 0.7 7.3
23 86 3.2 22
4 46 0.9 3.9
12 72 2.6 10.4
22 68 0.9 21.7
-7 84 4.1 -12.9
9 95 0.6 6.4
6 46 0.5 6.2
3 76 4.0 -0.4
2 84 9.1 -3.2
4 15 2.9 5.4
-16 54 1.1 -18.5
20 89 0.9 19.4
9 98 2.4 5.7
3 35 0.8 3.7
17 19 3.7 16.8
-2 31 2.2 -1.7
-4 37 2.9 -4.5
9 61 4.9 7.1
9 88 1.1 6.6
-7 45 1.0 -7.7
5 52 1.6 4.2
8 98 0.9 4.9
11 94 4.5 7.9
-11 89 0.6 -16.6
8 53 0.5 7.8
-8 28 2.5 -7.6
-12 53 3.0 -14.9
15 86 4.7 12.9
8 99 1.5 4.6
10 94 0.7 7.6
8 99 1.9 4.5
-1 37 1.7 -1
16 80 2.7 14.6
12 85 2.2 9.9
11 79 2.8 8.9
-3 21 1.0 -1.3
7 95 0.8 3.9
-17 71 3.5 -22.9
10 68 0.4 9.1
-5 26 3.8 -4.7
-18 85 0.7 -24.4
10 80 1.8 8
7 95 1.3 3.7
9 90 2.1 6.2
9 88 1.9 6.3
5 54 1.3 4.2
10 94 1.9 7.2
-15 81 0.4 -20.1
11 70 0.7 10
9 82 2.2 6.6
9 42 2.8 8.6
9 43 2.5 8.7
7 10 6.0 7.8
23 48 1.4 23.1
-5 37 0.7 -4.6
7 43 1.1 7.1
-21 83 0.3 -27.2
9 77 1.2 7.2
8 98 1.3 4.7
11 88 3.8 8.3
21 76 2.4 20.2
9 38 0.8 9.5
-8 69 2.1 -11.8
10 85 0.6 8.1
14 14 0.6 15.5
-4 73 1.1 -7.2
7 36 0.9 7.6
10 92 1.4 7.4
4 60 2.1 2.4
4 75 1.3 1.6
0 93 3.3 -5.1
16 84 1.1 14.8
-15 89 0.4 -21.1
8 85 1.4 5.5
17 41 3.7 16.4
0 82 4.9 -4.6
500
-6 30 3.3 -6
9 49 0.7 9
8 93 0.7 5.3
-12 42 4.1 -13.9
20 79 2.4 19.2
0 70 0.9 -2.3
13 81 0.9 11.6
-4 16 7.2 -3.5
-5 77 6.6 -10.5
11 84 2.2 8.8
9 31 2.9 9.2
17 44 3.4 16.4
15 81 0.9 13.8
4 44 0.7 4.1
20 84 1.6 19.3
9 49 1.8 8.5
2 19 3.6 2.9
10 83 1.6 7.9
-8 49 2.9 -10
7 93 0.7 4.1
13 78 1.3 11.6
8 94 2.1 4.8
19 67 2.5 18.1
18 46 0.9 17.9
7 33 0.6 8
8 96 1.5 4.8
7 38 1.1 7.4
8 97 1.1 4.9
-8 85 3.1 -13.9
10 91 0.7 7.7
21 82 1.7 20.2
-6 83 1.8 -10.8
9 100 4.6 5.1
10 97 0.9 7.3
1 23 1.4 2.3
-3 14 5.8 -2.1
2 27 1.7 2.9
17 45 3.2 16.4
4 47 0.8 3.8
9 95 1.5 6.1
10 80 2.0 7.9
16 55 2.2 15.4
11 51 2.1 10.4
5 43 2.0 4.7
10 92 0.9 7.6
20 81 0.9 19.4
7 37 2.1 7.1
1 36 1.3 1.3
8 46 0.7 8.1
8 30 0.9 9
10 90 3.6 7
8 56 0.8 7.5
12 47 2.0 11.7
0 33 1.7 0.4
8 29 1.1 8.9
18 60 1.4 17.5
3 43 6.8 1.5
9 16 1.1 10.7
14 65 2.8 12.8
1 88 4.9 -3.9
-19 85 0.6 -25.5
9 99 2.2 5.6
0 66 2.3 -2.6
8 56 5.3 6.3
9 82 1.7 6.7
2 54 1.7 0.8
7 41 1.3 7.1
2 16 6.0 2.6
9 44 3.0 8.5
15 38 1.0 15.3
3 26 2.0 3.9
20 38 1.9 19.3
24 86 1.9 23.2
9 85 1.0 6.8
23 81 2.0 22.3
8 58 1.2 7.2
5 28 2.1 5.7
11 58 2.2 10.1
5 74 2.1 2.5
3 36 1.1 3.5
3 24 2.0 4
5 65 2.3 3.1
9 91 0.9 6.5
-2 47 1.5 -2.8
4 45 0.4 4.2
9 93 0.6 6.5
13 82 1.4 11.4
8 52 0.9 7.7
-4 24 0.7 -2.4
20 78 0.6 19.6
7 28 0.5 8.3
13 96 0.3 11.2
10 95 1.3 7.3
22 92 0.8 21.2
-6 84 4.2 -11.8
10 44 1.8 9.8
8 27 1.6 8.9
14 72 2.8 12.6
7 55 0.6 6.6
-9 32 1.5 -8.7
-1 26 1.2 0.2
12 87 3.9 9.5
2 19 2.4 3.3
-6 43 1.9 -6.9
20 33 1.4 19.5
10 86 1.8 7.6
-11 87 1.2 -16.8
0 31 0.7 1
10 98 1.6 7.1
-1 62 1.3 -3
6 36 0.5 6.8
12 44 1.9 11.8
-3 79 1.5 -6.8
21 92 2.6 20
11 80 2.2 9
10 93 7.1 6.3
16 49 2.0 15.6
12 49 7.0 10.6
24 71 1.9 23.6
10 96 4.0 6.7
-5 94 1.8 -10.7
8 94 0.3 5.4
-9 88 2.0 -15
-8 25 1.4 -6.9
8 38 0.8 8.5
-6 22 3.6 -5.3
9 89 0.6 6.7
-11 20 1.2 -9.3
9 94 2.7 5.8
24 72 2.7 23.5
9 89 2.1 6.2
2 70 0.8 -0.1
8 98 1.2 4.8
10 94 1.4 7.3
7 27 1.8 7.8
-2 15 2.7 -0.4
6 63 1.3 4.7
18 49 3.8 17.1
19 87 0.9 18.2
-3 22 1.0 -1.4
6 44 0.7 6.2
6 30 1.2 6.9
8 23 0.9 9.4
10 69 1.2 8.7
22 79 0.9 21.5
9 99 6.5 4.9
9 86 1.8 6.5
8 92 0.4 5.5
18 58 1.1 17.6
-1 18 0.6 1.2
11 74 1.1 9.6
6 19 0.9 7.7
11 61 1.8 10
4 64 2.5 2
12 76 1.5 10.5
0 37 2.6 -0.2
9 64 3.3 7.3
-5 29 0.9 -4
9 98 2.3 5.7
0 80 1.5 -3.5
-6 20 1.8 -4.5
3 38 0.9 3.4
11 97 2.0 8.2
5 55 1.6 4
24 66 1.4 23.8
8 56 1.4 7.2
13 83 3.8 10.8
17 33 3.8 16.5
18 76 1.4 17.2
-12 43 4.0 -14
-7 40 1.9 -7.6
7 42 0.3 7.6
9 90 1.0 6.5
9 36 2.3 9.1
22 89 3.2 21
19 42 3.0 18.3
9 86 0.8 6.8
9 83 0.6 7.1
23 86 3.2 22
24 30 2.1 24.6
-19 90 1.9 -27
9 99 3.7 5.3
-20 83 1.6 -27.1
0 84 1.7 -3.9
14 93 4.1 11.6
8 95 1.6 4.8
10 51 2.1 9.4
16 94 1.3 14.5
7 32 0.8 7.9
1 85 3.1 -3.2
9 93 3.1 5.8
17 83 2.6 15.7
11 48 2.7 10.4
13 54 3.1 12.1
-8 41 2.0 -8.8
-9 52 3.2 -11.5
-7 83 2.1 -12.1
3 48 1.8 2.3
-22 87 0.8 -29.4
7 93 1.2 3.9
-5 76 2.1 -9.1
13 94 0.9 11
12 80 1.4 10.3
3 30 2.9 3.3
8 94 0.9 5.1
-5 33 2.7 -5.1
9 40 1.4 9.2
5 33 1.5 5.5
2 24 2.4 2.9
9 97 1.3 6
8 13 2.7 9.3
26 58 1.8 24.5
16 89 0.6 14.8
-20 87 1.5 -27.6
-1 36 3.7 -1.5
16 37 0.9 16.3
7 27 1.0 8.1
9 99 1.3 5.9
11 83 1.1 9.2
7 30 1.1 7.9
18 62 1.5 17.4
21 91 1.4 20.2
-15 31 1.4 -14.8
10 98 2.0 7
6 32 0.9 6.9
-22 81 1.3 -29
9 88 2.3 6.2
-1 45 3.4 -2.2
3 84 2.7 -0.7
2 22 0.8 3.7
1 58 1.4 -0.5
3 28 1.5 3.9
10 43 0.6 10.4
11 94 0.7 8.8
10 57 2.5 9
7 54 1.9 6.1
2 27 1.5 3
2 86 2.8 -2
10 94 0.5 7.7
-7 28 1.8 -6.3
5 99 1.1 1.1
11 76 1.3 9.4
3 49 0.6 2.8
11 62 0.7 10.4
6 48 1.7 5.5
-7 85 4.1 -13
-7 88 2.1 -12.7
-1 47 1.2 -1.6
22 84 2.0 21.2
11 52 0.6 10.9
9 87 1.0 6.7
0 69 2.8 -3
-8 80 1.5 -12.7
8 86 0.5 5.8
3 86 8.7 -2
9 44 1.8 8.8
11 98 1.2 8.4
1 59 1.4 -0.6
-1 75 1.0 -3.9
-5 36 3.6 -5.7
11 97 1.7 8.3
-16 65 2.9 -20.8
8 99 1.8 4.5
20 94 1.6 19.3
3 90 2.3 -1
-6 26 1.2 -4.9
2 23 1.3 3.4
-11 68 1.4 -14.8
10 87 0.7 8
-8 78 5.9 -13.9
21 84 0.8 20.4
15 50 5.6 13.8
8 100 0.9 4.8
-23 80 1.8 -30.3
9 98 2.0 5.8
10 37 3.4 9.8
24 73 1.4 23.7
-17 81 2.0 -23.6
0 74 4.4 -3.8
2 37 0.4 2.8
-4 36 1.7 -4
6 47 1.3 5.7
0 32 0.3 1.2
10 96 0.9 7.4
10 92 2.9 7.1
-16 67 3.0 -21.1
20 35 1.5 19.4
9 37 2.1 9.1
18 55 1.1 17.7
-5 42 3.7 -6.3
-2 33 1.0 -1.3
18 86 1.0 17.1
-3 36 2.8 -3.3
11 96 2.4 8.2
-19 65 1.8 -23.7
9 48 2.7 8.3
22 55 0.4 22.1
12 43 0.8 12.3
16 42 5.7 15
-19 84 0.8 -25.5
7 100 1.0 3.5
3 68 5.3 -0.1
1 23 1.5 2.3
11 50 2.9 10.3
6 50 0.9 5.7
-5 82 2.3 -9.8
11 89 3.1 8.4
5 83 2.9 1.7
9 82 1.0 7
6 46 0.3 6.3
11 97 0.7 8.6
8 41 1.8 8
8 100 2.2 4.4
15 76 0.3 14.3
8 99 1.5 4.6
-13 85 2.1 -19.4
18 94 0.8 17
8 96 1.8 4.7
-4 34 3.4 -4.4
21 59 1.8 20.5
9 83 5.5 5.9
17 39 1.8 16.9
0 63 0.9 -1.8
9 70 2.5 7.2
11 17 3.0 11.8
5 33 1.6 5.5
10 76 0.6 8.6
9 36 1.8 9.3
16 95 2.5 14.2
7 11 2.2 8.7
2 86 1.9 -1.8
-5 21 3.8 -4.2
7 42 1.3 7.1
-6 58 1.3 -8.1
11 87 1.0 9
11 20 2.3 11.9
21 73 3.1 20.1
-7 25 1.1 -5.7
13 80 2.0 11.3
22 84 2.0 21.2
-1 23 1.2 0.4
11 55 1.8 10.3
8 63 3.9 6.1
-20 83 0.9 -26.6
6 29 4.0 6.1
10 90 2.1 7.4
-2 96 1.5 -7.2
8 44 0.9 8.1
-8 38 2.2 -8.6
9 99 1.8 5.7
10 85 1.2 7.9
10 94 2.0 7.2
10 83 1.9 7.8
23 40 0.5 23.6
8 78 0.9 6.1
8 50 0.4 8.1
14 75 1.0 12.9
10 95 1.4 7.3
17 79 3.2 15.7
10 84 2.9 7.5
17 80 3.1 15.6
3 20 1.3 4.6
3 19 3.9 3.8
7 93 1.3 3.9
7 26 2.2 7.7
1 36 1.7 1.2
10 80 0.4 8.5
9 76 1.3 7.2
-2 55 1.0 -3.3
-2 18 1.3 -0.1
-14 62 2.9 -18.1
2 87 6.1 -2.9
11 100 1.6 8.2
8 47 2.0 7.5
1 27 1.9 1.8
22 91 1.3 21.2
10 91 3.2 7.1
9 93 1.4 6.2
1 34 2.4 1.1
22 85 3.0 21
8 23 1.8 9
-5 21 3.4 -4.1
22 81 2.9 21.1
10 91 2.7 7.2
8 99 0.9 4.8
12 77 3.9 9.9
0 83 2.9 -4.2
3 66 0.5 1.5
8 68 1.4 6.5
4 41 0.8 4.3
15 62 0.9 14.5
9 96 3.2 5.6
12 35 1.3 12.4
12 87 2.1 9.8
21 88 2.1 20.1
-4 79 5.6 -9.2
-13 35 4.2 -14.2
-6 99 2.2 -12.6
6 44 0.4 6.4
9 48 1.0 8.9
4 56 1.1 3
12 82 2.7 9.9
20 82 1.5 19.3
22 89 1.3 21.2
-6 22 2.0 -4.8
-17 87 0.7 -23.5
10 67 2.3 8.5
-14 33 3.0 -14.6
8 84 1.5 5.5
8 60 2.9 6.5
13 86 1.0 11.3
-12 53 1.1 -14
19 90 1.4 18.1
7 54 2.8 5.8
6 51 1.3 5.4
11 98 2.4 8.1
16 68 0.6 15.5
-8 27 7.4 -8.7
10 33 1.2 10.6
-1 68 4.3 -4.4
27 59 0.6 25.9
15 38 7.5 13.9
-15 47 1.3 -16.7
5 35 1.2 5.5
18 87 1.9 16.9
4 14 2.8 5.5
-1 48 1.2 -1.7
3 13 4.6 4.1
9 98 1.4 5.9
17 43 3.2 16.4
9 93 1.6 6.1
11 97 1.4 8.4
13 53 2.0 12.4
-1 96 0.7 -5.6
10 22 2.1 10.9
-2 64 0.7 -3.9
9 35 2.7 9
11 34 13.6 9.3
7 23 0.8 8.5
13 88 2.9 10.8
-20 86 0.6 -26.8
-1 35 1.7 -0.8
25 80 1.2 24.6
8 93 2.8 4.6
9 58 2.8 7.8
13 79 1.6 11.5
-4 75 2.4 -8
2 31 0.8 3
3 61 1.7 1.4
13 75 5.1 10.9
10 98 0.8 7.3
1 38 1.7 1
9 89 0.6 6.7
-9 85 1.3 -14.3
6 45 1.9 5.6
10 95 0.7 7.5
9 91 1.9 6.2
18 87 0.8 17.1
-8 28 4.3 -8.2
14 92 1.0 12.3
9 61 2.0 7.8
10 40 2.3 9.9
18 38 2.1 17.7
22 100 4.2 20.7
8 42 1.4 8
7 93 0.9 4
2 87 1.8 -1.8
8 97 2.0 4.6
10 92 2.1 7.2
3 20 1.4 4.5
4 47 1.2 3.7
23 88 4.4 21.9
1 14 12.4 0.7
7 39 0.6 7.6
10 89 1.5 7.6
16 78 0.7 15.1
9 95 2.6 5.8
7 43 1.1 7.1
17 40 2.3 16.7
1 37 2.7 0.8
17 53 1.2 16.7
-2 35 1.0 -1.5
7 15 1.4 8.7
1 15 2.5 2.6
-4 60 2.4 -6.5
8 93 0.5 5.4
12 15 0.5 13.8
10 94 0.9 7.5
3 22 1.0 4.6
0 42 1.4 -0.2
3 20 1.0 4.7
8 96 0.9 5
1 39 0.5 1.5
10 41 1.2 10.2
-2 18 1.9 -0.4
9 96 0.3 6.5
17 72 1.4 16.2
8 59 1.5 7
14 72 3.4 12.5
17 35 3.0 16.6

